现金支出情况表
序号 日 项目 数量/单价 编码 折算数量 金额 网购打√旅游划★
万 千 百 十 元 角 分
1 25 鸭蛋 2 311092 1 15 00
2 27 猪肉 1.2 311061 0.6 26 00
3 27 油泡 1 311039 0.5 12 00
4 27 豆芽菜 1.4 311051 0.7 25 0
5 27 豆腐干 0.8 311039 0.4 4 00
6 27 饵粉干 1 311039 1.25 7 00
7 28 牛奶 11 311101 0.55 65 00
8 28 饼干 0.8 311123 0.4 10 00
9 28 白酱油 1 311141 6 00
10 28 尿素 10 131314 5 15 00
11 28 磷肥 10 131311 5 5 00
12 28 碳铵 10 131311 5 7 00
13 28 后季长豆种 1311K1 0.1 3 00
14 28 后季黄瓜种 1311K1 0.1 2 00
15 30 茶叶 0.2 311131 0.1 20 00
合计金额（-） 199 50

序号 日 项目 数量/单价 编码 折算数量 金额 万 千 百
1 30 西红柿 2 1 311051
2 30 白砂糖 1 0.5 311121
3 30 陈醋 1 0.25 311141
4 30 毛巾2条 3K391
5 30 雨衣裤子 321311
6 30 灭蚊香 3K5911
7
8
9
10
11
12
13
14
15
合计金额（-）

页码： 页码：