现金支出情况表
序号 日 项目 数量/单价 编码 折算数量 金额
1 25 鸡蛋 2 311092 1 15.00
2 27 猪肉 1.2 311001 2 26.00
3 27 油泼 1 311039 2.5 12.00
4 27 豆芽菜 1.4 311051 2.7 2.50
5 27 豆腐干 0.8 311039 2.5 4.00
6 27 银锡子 1 311029 2.5 2.00
7 28 生饭 11 31116 65.00
8 28 饼干 0.8 31123 2.4 6.00
9 28 白鸽油 1 31145 6.00
10 28 尿素 10 31314 5 15.00
11 28 磷酸肥 10 31311 5 5.00
12 28 碳铵 10 31311 5 7.00
13 28 厨房塑料 31149 0.1 3.00
14 28 厨房菜碗 31145 0.1 2.00
15 29 茶叶 0.2 311321 0.1 20.00
合计金额 199.50
1 30 面巾纸 2
2 30 白砂糖 1
3 30 陈醋 1
4 30 毛巾 2条
5 30 面枕头
6 30 买蚊香